	0
	0
	0
	0
	0
	0
	194
	154
	163
	114
	120
	109
	115
	110
	133
	135
	171
	212
	258
	632
	1871
	5333
	11631
	17972
	21668
	23225
	23553
	23904
	23885
	23658
	23577
	24218
	24190
	23948
	23966
	23972
	24169
	24210
	23981
	23920
	23347
	23893
	23845
	23717
	23649
	23779
	23752
	23638
	23656
	23680
	23812
	23538
	23414
	23767
	23887
	23904
	23804
	23886
	23841
	23758
	23943
	24298
	23971
	24133
	24227
	24508
	24731
	24629
	24720
	24551
	24817
	24946
	25260
	25383
	25172
	25580
	25527
	25703
	25597
	25698
	26252
	25701
	26159
	26395
	26790
	26842
	26700
	26897
	27237
	27379
	27226
	27800
	27370
	28226
	28155
	28217
	28441
	28558
	28905
	29193
	29329
	29790
	29776
	30085
	30163
	30334
	30437
	30689
	30683
	31265
	31302
	31607
	32113
	31935
	32609
	32556
	32990
	33059
	33283
	33830
	34079
	34102
	34297
	34573
	34950
	35147
	35328
	35597
	36221
	35956
	36709
	36277
	36820
	37637
	38024
	37455
	37920
	38292
	38111
	38838
	39013
	39296
	39190
	39591
	39826
	40385
	40460
	40622
	40959
	41301
	41695
	41497
	41916
	42459
	41875
	43170
	42937
	43566
	43507
	43364
	43984
	44390
	44415
	44601
	45036
	45234
	45365
	45680
	45485
	45665
	46756
	46780
	46544
	47638
	46649
	46872
	47565
	47650
	48334
	48151
	48328
	48828
	48843
	48738
	49419
	49352
	49445
	49713
	49944
	50706
	49973
	50449
	50639
	50580
	50933
	51255
	51281
	51885
	51731
	51891
	51538
	52313
	52454
	52880
	52386
	52815
	52172
	52872
	53498
	53016
	53245
	53588
	53202
	53998
	54034
	53780
	53846
	54002
	54101
	54172
	54301
	54389
	54124
	54014
	54865
	54861
	54637
	54898
	54808
	54942
	54662
	54662
	55057
	55599
	54957
	55184
	55099
	56195
	55079
	54680
	55451
	54874
	55404
	55154
	55061
	55207
	55289
	55527
	55202
	55741
	55102
	55330
	54936
	55576
	54822
	55221
	55065
	54801
	55203
	54664
	55381
	55171
	55012
	54502
	54960
	54591
	54616
	54695
	54404
	54617
	53989
	53997
	53934
	53618
	53803
	54002
	53897
	54038
	53694
	53011
	53036
	53300
	53164
	53115
	52661
	53486
	51753
	51855
	52197
	52204
	51641
	51437
	51698
	51639
	51003
	51241
	51138
	50653
	50835
	50281
	50191
	50546
	49626
	49446
	50350
	49360
	49265
	48845
	48625
	48742
	48336
	47844
	47708
	47625
	47311
	47726
	47123
	47632
	46386
	46572
	46618
	46307
	45925
	45342
	45567
	45690
	45090
	44699
	45226
	44824
	44104
	43782
	43638
	44022
	43161
	43007
	43363
	42868
	42713
	42410
	42241
	41948
	41669
	41305
	40739
	41009
	41148
	40368
	39875
	40215
	39266
	39201
	38824
	39038
	38708
	38594
	38046
	38606
	38274
	37466
	37501
	37032
	36390
	36458
	36224
	36100
	35386
	34938
	35488
	34860
	34515
	34360
	34382
	34146
	33676
	33218
	33492
	32943
	32638
	32573
	32072
	32361
	31418
	31505
	31394
	30973
	30639
	30187
	30212
	30343
	29765
	29364
	29312
	28852
	28511
	28363
	28035
	28247
	27639
	27299
	27193
	26739
	26516
	26319
	26332
	26005
	25702
	25340
	25237
	24801
	24791
	24675
	23831
	24071
	23614
	23365
	23538
	23044
	22778
	22578
	22324
	22465
	22007
	21919
	21698
	21426
	21121
	20901
	20690
	20452
	20114
	20078
	19815
	19918
	19306
	19265
	19270
	19020
	18737
	18494
	18405
	18166
	18051
	17964
	17425
	17630
	17300
	16993
	17011
	16749
	16706
	16400
	16508
	16440
	16143
	15644
	15627
	15810
	15376
	15182
	14906
	15012
	14930
	14863
	14458
	14333
	14181
	14330
	13920
	13905
	13904
	13564
	13464
	13543
	13172
	13217
	12991
	12833
	12668
	12727
	12300
	12448
	12477
	12121
	11904
	11837
	11851
	11753
	11582
	11587
	11476
	11242
	11176
	11257
	10849
	11160
	10979
	10817
	10738
	10636
	10596
	10539
	10260
	10229
	10284
	10224
	9904
	10037
	9798
	9892
	9702
	9539
	9694
	9332
	9329
	9346
	9171
	9149
	9216
	9226
	8912
	8764
	8703
	8762
	8773
	8702
	8641
	8748
	8509
	8401
	8272
	8288
	8371
	8268
	8237
	8005
	8105
	8142
	7857
	7748
	7709
	7947
	7670
	7726
	7586
	7579
	7446
	7496
	7427
	7424
	7420
	7218
	7175
	7284
	7198
	7180
	7178
	6982
	6973
	7009
	7040
	6873
	6932
	6753
	6842
	6893
	6744
	6543
	6793
	6622
	6564
	6627
	6470
	6598
	6469
	6508
	6298
	6304
	6310
	6335
	6317
	6239
	6143
	6157
	6112
	6149
	6032
	6111
	6086
	5909
	5903
	5799
	5921
	5869
	5930
	5772
	5727
	5871
	5798
	5653
	5484
	5722
	5725
	5521
	5572
	5691
	5314
	5448
	5457
	5283
	5423
	5524
	5326
	5366
	5326
	5164
	5251
	5086
	5207
	5068
	5180
	5251
	5022
	4974
	5042
	5131
	4919
	4893
	4980
	4988
	4897
	4714
	4706
	4787
	4662
	4711
	4788
	4764
	4663
	4643
	4681
	4715
	4773
	4660
	4649
	4492
	4477
	4524
	4368
	4340
	4405
	4326
	4217
	4353
	4222
	4245
	4281
	4221
	4052
	4237
	4240
	4244
	4119
	4071
	4191
	4008
	3873
	4036
	4009
	3848
	3822
	3736
	3811
	3861
	3701
	3743
	3748
	3843
	3776
	3624
	3574
	3611
	3625
	3566
	3591
	3509
	3418
	3513
	3484
	3372
	3406
	3380
	3379
	3293
	3376
	3333
	3248
	3207
	3164
	3268
	3222
	3185
	3174
	3077
	3166
	3066
	3008
	3094
	2869
	2968
	2915
	2976
	2913
	2955
	2800
	2847
	2762
	2749
	2734
	2707
	2718
	2747
	2664
	2657
	2547
	2593
	2641
	2571
	2561
	2440
	2572
	2513
	2516
	2474
	2511
	2314
	2389
	2283
	2431
	2265
	2280
	2278
	2157
	2231
	2232
	2172
	2161
	2150
	2170
	2183
	2154
	2116
	1966
	2067
	2013
	1992
	1879
	2029
	2080
	1956
	2024
	1956
	1936
	1894
	1857
	1808
	1842
	1810
	1767
	1743
	1728
	1712
	1776
	1710
	1671
	1616
	1664
	1615
	1576
	1664
	1569
	1660
	1609
	1603
	1565
	1514
	1525
	1510
	1489
	1542
	1521
	1422
	1428
	1421
	1429
	1402
	1369
	1430
	1369
	1301
	1361
	1383
	1358
	1239
	1264
	1295
	1259
	1272
	1183
	1201
	1200
	1230
	1151
	1206
	1219
	1217
	1202
	1069
	1196
	1118
	1074
	1070
	1112
	1030
	1115
	1064
	1053
	985
	996
	1021
	1027
	1011
	974
	963
	998
	946
	994
	917
	954
	910
	926
	856
	869
	879
	855
	894
	863
	830
	865
	862
	880
	844
	806
	845
	773
	785
	810
	781
	796
	743
	753
	743
	722
	738
	722
	712
	740
	721
	750
	772
	677
	667
	694
	653
	699
	631
	671
	670
	684
	657
	624
	652
	631
	623
	597
	640
	666
	605
	594
	628
	604
	579
	592
	555
	536
	552
	596
	553
	578
	532
	558
	509
	540
	530
	531
	484
	498
	507
	534
	483
	472
	494
	482
	494
	531
	519
	463
	481
	470
	470
	468
	449
	447
	449
	418
	442
	457
	423
	452
	418
	444
	387
	408
	413
	407
	381
	396
	399
	398
	397
	388
	371
	373
	363
	353
	397
	381
	365
	379
	367
	320
	318
	333
	343
	325
	315
	303
	318
	346
	333
	318
	306
	287
	340
	297
	287
	285
	321
	280
	298
	283
	296
	250
	306
	275
	246
	271
	288
	305
	287
	252
	234
	251
	268
	239
	278
	250
	249
	220
	236
	239
	209
	219
	216
	221
	228
	248
	237
	211
	214

